

----------------------------------------------------------------------------
| N. | Disciplina | Turma | Demanda | Horaini | Horafim | Horaini | Horafim |
----------------------------------------------------------------------------
| 01 |   MTM102   |  11   |   30    |   16    |   17    |   50    |   51    | 
----------------------------------------------------------------------------
| 02 |   MTM112   |  51   |   50    |   26    |   27    |   60    |   61    | 
----------------------------------------------------------------------------
| 03 |   MTM112   |  52   |   50    |   24    |   25    |   58    |   59    | 
----------------------------------------------------------------------------
| 04 |   MTM112   |  53   |   50    |   28    |   29    |   62    |   63    | 
----------------------------------------------------------------------------
| 05 |   MTM112   |  54   |   40    |   18    |   19    |   52    |   53    | 
----------------------------------------------------------------------------
| 06 |   MTM112   |  55   |   50    |   20    |   21    |   54    |   55    | 
----------------------------------------------------------------------------
| 07 |   MTM112   |  56   |   50    |   28    |   29    |   62    |   63    | 
----------------------------------------------------------------------------
| 08 |   MTM116   |  11   |   30    |   16    |   17    |   50    |   51    | 
----------------------------------------------------------------------------
| 09 |   MTM118   |  11   |   00    |   11    |   12    |   45    |   46    | 
----------------------------------------------------------------------------
| 10 |   MTM119   |  11   |   30    |   33    |   34    |   67    |   68    | 
----------------------------------------------------------------------------
| 11 |   MTM120   |  11   |   40    |   31    |   32    |   48    |   49    | 
----------------------------------------------------------------------------
| 12 |   MTM121   |  11   |   60    |   07    |   08    |   44    |   45    | 
----------------------------------------------------------------------------
| 13 |   MTM122   |  81   |   56    |   01    |   03    |   35    |   37    | 
----------------------------------------------------------------------------
| 14 |   MTM122   |  82   |   55    |   01    |   02    |   35    |   37    | 
----------------------------------------------------------------------------
| 15 |   MTM122   |  83   |   44    |   18    |   20    |   52    |   54    | 
----------------------------------------------------------------------------
| 16 |   MTM122   |  84   |   55    |   18    |   20    |   52    |   53    | 
----------------------------------------------------------------------------
| 17 |   MTM122   |  85   |   55    |   07    |   08    |   28    |   29    | 
----------------------------------------------------------------------------
| 18 |   MTM122   |  86   |   55    |   09    |   11    |   43    |   45    | 
----------------------------------------------------------------------------
| 19 |   MTM122   |  87   |   55    |   09    |   10    |   43    |   44    | 
----------------------------------------------------------------------------
| 20 |   MTM122   |  88   |   55    |   11    |   12    |   28    |   29    | 
----------------------------------------------------------------------------
| 21 |   MTM123   |  61   |   60    |   24    |   25    |   58    |   59    | 
----------------------------------------------------------------------------
| 22 |   MTM123   |  62   |   60    |   26    |   27    |   60    |   61    | 
----------------------------------------------------------------------------
| 23 |   MTM123   |  63   |   50    |   28    |   29    |   62    |   63    | 
----------------------------------------------------------------------------
| 24 |   MTM123   |  64   |   50    |   20    |   21    |   54    |   55    | 
----------------------------------------------------------------------------
| 25 |   MTM123   |  65   |   60    |   18    |   19    |   52    |   53    | 
----------------------------------------------------------------------------
| 26 |   MTM123   |  66   |   40    |   31    |   32    |   65    |   66    | 
----------------------------------------------------------------------------
| 27 |   MTM124   |  61   |   60    |   56    |   56    |   69    |   70    | 
----------------------------------------------------------------------------
| 28 |   MTM124   |  62   |   60    |   02    |   03    |   20    |   21    | 
----------------------------------------------------------------------------
| 29 |   MTM124   |  63   |   60    |   56    |   56    |   69    |   70    | 
----------------------------------------------------------------------------
| 30 |   MTM124   |  64   |   60    |   09    |   10    |   43    |   44    | 
----------------------------------------------------------------------------
| 31 |   MTM124   |  65   |   45    |   18    |   19    |   52    |   53    | 
----------------------------------------------------------------------------
| 32 |   MTM124   |  66   |   40    |   14    |   15    |   48    |   49    | 
----------------------------------------------------------------------------
| 33 |   MTM125   |  61   |   50    |   36    |   37    |   54    |   55    | 
----------------------------------------------------------------------------
| 34 |   MTM125   |  62   |   50    |   20    |   21    |   72    |   73    | 
----------------------------------------------------------------------------
| 35 |   MTM125   |  63   |   50    |   18    |   19    |   52    |   53    | 
----------------------------------------------------------------------------
| 36 |   MTM125   |  64   |   50    |   24    |   25    |   58    |   59    | 
----------------------------------------------------------------------------
| 37 |   MTM125   |  65   |   50    |   41    |   42    |   75    |   76    | 
----------------------------------------------------------------------------
| 38 |   MTM125   |  66   |   40    |   14    |   15    |   48    |   49    | 
----------------------------------------------------------------------------
| 39 |   MTM125   |  67   |   50    |   26    |   27    |   60    |   61    | 
----------------------------------------------------------------------------
| 40 |   MTM131   |  71   |   54    |   04    |   05    |   71    |   72    | 
----------------------------------------------------------------------------
| 41 |   MTM131   |  72   |   52    |   04    |   05    |   38    |   39    | 
----------------------------------------------------------------------------
| 42 |   MTM131   |  73   |   61    |   04    |   05    |   38    |   39    | 
----------------------------------------------------------------------------
| 43 |   MTM131   |  74   |   50    |   09    |   10    |   75    |   76    | 
----------------------------------------------------------------------------
| 44 |   MTM131   |  75   |   60    |   07    |   08    |   41    |   42    | 
----------------------------------------------------------------------------
| 45 |   MTM131   |  76   |   60    |   07    |   08    |   58    |   59    | 
----------------------------------------------------------------------------
| 46 |   MTM136   |  11   |   30    |   16    |   17    |   67    |   68    | 
----------------------------------------------------------------------------
| 47 |   MTM141   |  31   |   41    |   07    |   08    |   41    |   42    | 
----------------------------------------------------------------------------
| 48 |   MTM141   |  32   |   35    |   25    |   26    |   44    |   45    | 
----------------------------------------------------------------------------
| 49 |   MTM141   |  33   |   40    |   10    |   11    |   38    |   39    | 
----------------------------------------------------------------------------
| 50 |   MTM145   |  11   |   40    |   38    |   39    |   54    |   55    | 
----------------------------------------------------------------------------
| 51 |   MTM148   |  11   |   30    |   33    |   34    |   50    |   51    | 
----------------------------------------------------------------------------
| 52 |   MTM149   |  11   |   15    |   31    |   32    |   48    |   49    | 
----------------------------------------------------------------------------
| 53 |   MTM150   |  11   |   44    |   21    |   22    |   72    |   73    | 
----------------------------------------------------------------------------
| 54 |   MTM151   |  61   |   60    |   24    |   25    |   58    |   59    | 
----------------------------------------------------------------------------
| 55 |   MTM151   |  62   |   40    |   26    |   27    |   60    |   61    | 
----------------------------------------------------------------------------
| 56 |   MTM151   |  63   |   60    |   11    |   12    |   45    |   46    | 
----------------------------------------------------------------------------
| 57 |   MTM151   |  64   |   60    |   26    |   27    |   77    |   78    | 
----------------------------------------------------------------------------
| 58 |   MTM151   |  65   |   60    |   55    |   56    |   70    |   71    | 
----------------------------------------------------------------------------
| 59 |   MTM151   |  66   |   40    |   31    |   32    |   65    |   66    | 
----------------------------------------------------------------------------
| 60 |   MTM152   |  11   |   55    |   82    |   83    |   00    |   00    | 
----------------------------------------------------------------------------
| 61 |   MTM153   |  21   |   40    |   09    |   10    |   38    |   39    | 
----------------------------------------------------------------------------
| 62 |   MTM153   |  22   |   40    |   11    |   12    |   27    |   28    | 
----------------------------------------------------------------------------
| 63 |   MTM155   |  11   |   40    |   53    |   54    |   72    |   73    | 
----------------------------------------------------------------------------
| 64 |   MTM159   |  11   |   30    |   31    |   32    |   00    |   00    | 
----------------------------------------------------------------------------
| 65 |   MTM169   |  21   |   15    |   84    |   85    |   00    |   00    | 
----------------------------------------------------------------------------
| 66 |   MTM169   |  22   |   15    |   84    |   85    |   00    |   00    | 
----------------------------------------------------------------------------
| 67 |   MTM171   |  11   |   30    |   16    |   17    |   67    |   68    | 
----------------------------------------------------------------------------
| 68 |   MTM172   |  11   |   30    |   14    |   15    |   82    |   83    | 
----------------------------------------------------------------------------
| 69 |   MTM178   |  11   |   30    |   79    |   80    |   00    |   00    | 
----------------------------------------------------------------------------
| 70 |   MTM181   |  11   |   40    |   84    |   85    |   00    |   00    | 
----------------------------------------------------------------------------
| 71 |   MTM184   |  21   |   15    |   87    |   88    |   00    |   00    | 
----------------------------------------------------------------------------
| 72 |   MTM184   |  22   |   15    |   87    |   90    |   00    |   00    | 
----------------------------------------------------------------------------
| 73 |   MTM185   |  11   |   30    |   84    |   85    |   00    |   00    | 
----------------------------------------------------------------------------
| 74 |   MTM187   |  11   |   30    |   33    |   34    |   67    |   68    | 
----------------------------------------------------------------------------
| 75 |   MTM188   |  11   |   30    |   82    |   83    |   00    |   00    | 
----------------------------------------------------------------------------
